timestamp,cpu_pct,sys_ram_used_mb,mysql_ram_mb,php_ram_mb,php_process_count
16:06:53,28,6843,16,40,1
16:06:58,22,6858,16,40,1
16:07:01,14,6863,16,40,1
16:07:05,40,7141,16,40,1
16:07:08,29,7385,17,40,1
16:07:12,71,6943,14,19,1
16:07:15,17,7331,15,19,1
16:07:19,38,6930,15,12,1
16:07:23,21,7273,16,12,1
16:07:27,26,7151,16,8,1
16:07:31,8,7198,16,8,1
16:07:34,20,7255,17,8,1
16:07:38,20,7169,18,8,1
16:07:42,13,7215,19,8,1
16:07:46,18,7292,19,8,1
16:07:50,20,7202,18,5,1
16:07:54,35,7273,18,5,1
16:07:58,54,7067,19,5,1
16:08:02,51,7212,19,5,1
16:08:05,21,7308,19,5,1
16:08:11,31,7279,19,5,1
16:08:14,23,7292,19,5,1
16:08:18,22,7305,19,5,1
16:08:22,20,7337,19,5,1
16:08:26,59,7363,19,5,1
16:08:30,29,7353,19,4,1
16:08:34,48,7228,19,4,1
16:08:38,12,7226,19,4,1
16:08:41,23,7247,19,4,1
16:08:45,40,7297,19,4,1
16:08:49,40,7294,19,4,1
16:08:52,51,7186,19,4,1
